1	AC=1;AC_AFR=1;AC_AMR=0;AC_Adj=1;AC_EAS=0;AC_FIN=0;AC_Het=1;AC_Hom=0;AC_NFE=0;AC_OTH=0;AC_SAS=0;AF=8.237e-06;AN=121406;AN_AFR=9930;AN_AMR=11420;AN_Adj=118878;AN_EAS=8392;AN_FIN=6584;AN_NFE=65244;AN_OTH=896;AN_SAS=16412;BaseQRankSum=0.794;ClippingRankSum=-2.103e+00;DP=1760944;FS=0.000;GQ_MEAN=66.15;GQ_STDDEV=19.48;Het_AFR=1;Het_AMR=0;Het_EAS=0;Het_FIN=0;Het_NFE=0;Het_OTH=0;Het_SAS=0;Hom_AFR=0;Hom_AMR=0;Hom_EAS=0;Hom_FIN=0;Hom_NFE=0;Hom_OTH=0;Hom_SAS=0;InbreedingCoeff=0.0012;MQ=58.90;MQ0=0;MQRankSum=-1.190e-01;NCC=9;NEGATIVE_TRAIN_SITE;QD=20.80;ReadPosRankSum=1.98;VQSLOD=-1.982e+00;culprit=MQ;DP_HIST=167
2	1071
3	1068
4	375
5	17200
6	26381
7	7194
8	1250
9	751
10	751
11	760
12	796
13	766
14	637
15	501
16	373
17	243
18	148
19	96
20	175,0
21	0
22	0
23	0
24	0
25	0
26	1
27	0
28	0
29	0
30	0
31	0
32	0
33	0
34	0
35	0
36	0
37	0
38	0
39	0;GQ_HIST=15
40	128
41	73
42	84
43	1027
44	329
45	500
46	333
47	118
48	143
49	107
50	85
51	39496
52	7020
53	1953
54	1840
55	853
56	352
57	441
58	5806,0
59	0
60	0
61	0
62	0
63	0
64	0
65	0
66	0
67	0
68	0
69	0
70	0
71	0
72	0
73	0
74	0
75	0
76	0
77	1;DOUBLETON_DIST=.;AC_MALE=0;AC_FEMALE=1;AN_MALE=66406;AN_FEMALE=52472;AC_CONSANGUINEOUS=0;AN_CONSANGUINEOUS=2160;Hom_CONSANGUINEOUS=0;AGE_HISTOGRAM_HET=0
78	0
79	0
80	1
81	0
82	0
83	0
84	0
85	0
86	0
87	0
88	0;AGE_HISTOGRAM_HOM=0
89	0
90	0
91	0
92	0
93	0
94	0
95	0
96	0
97	0
98	0
99	0;CSQ=T
100	intron_variant
101	MODIFIER
102	EDRF1
103	ENSG00000107938
104	Transcript
105	ENST00000337623
106	protein_coding
107	
108	23/23
109	ENST00000337623.3:c.3444-33C>T
110	
111	
112	
113	
114	
115	
116	rs373737994
117	1
118	
119	1
120	
121	SNV
122	1
123	HGNC
124	24640
125	
126	
127	
128	CCDS7646.1
129	ENSP00000336727
130	Q3B7T1
131	
132	UPI00001A962A
133	
134	
135	
136	
137	
138	
139	T:0
140	
141	
142	
143	
144	
145	T:0.0002
146	T:0
147	T:0
148	T:8.237e-06
149	T:0.0001007
150	T:8.412e-06
151	T:0
152	T:0
153	T:0
154	T:0
155	
156	
157	
158	
159	
160	
161	
162	
163	
164	
165	
166	
167	CCC
168	C,T
169	intron_variant
170	MODIFIER
171	EDRF1
172	ENSG00000107938
173	Transcript
174	ENST00000356792
175	protein_coding
176	
177	24/24
178	ENST00000356792.4:c.3546-33C>T
179	
180	
181	
182	
183	
184	
185	rs373737994
186	1
187	
188	1
189	
190	SNV
191	1
192	HGNC
193	24640
194	YES
195	
196	
197	CCDS55733.1
198	ENSP00000349244
199	Q3B7T1
200	
201	UPI00005CA2E3
202	
203	
204	
205	
206	
207	
208	T:0
209	
210	
211	
212	
213	
214	T:0.0002
215	T:0
216	T:0
217	T:8.237e-06
218	T:0.0001007
219	T:8.412e-06
220	T:0
221	T:0
222	T:0
223	T:0
224	
225	
226	
227	
228	
229	
230	
231	
232	
233	
234	
235	
236	CCC
237	C,T
238	downstream_gene_variant
239	MODIFIER
240	MMP21
241	ENSG00000154485
242	Transcript
243	ENST00000368808
244	protein_coding
245	
246	
247	
248	
249	
250	
251	
252	
253	
254	rs373737994
255	1
256	3185
257	-1
258	
259	SNV
260	1
261	HGNC
262	14357
263	YES
264	
265	
266	CCDS7647.1
267	ENSP00000357798
268	Q8N119
269	
270	UPI000006FDF6
271	
272	
273	
274	
275	
276	
277	T:0
278	
279	
280	
281	
282	
283	T:0.0002
284	T:0
285	T:0
286	T:8.237e-06
287	T:0.0001007
288	T:8.412e-06
289	T:0
290	T:0
291	T:0
292	T:0
293	
294	
295	
296	
297	
298	
299	
300	
301	
302	
303	
304	
305	CCC
306	C,T
307	intron_variant&non_coding_transcript_variant
308	MODIFIER
309	EDRF1
310	ENSG00000107938
311	Transcript
312	ENST00000368812
313	retained_intron
314	
315	3/3
316	ENST00000368812.1:n.538-33C>T
317	
318	
319	
320	
321	
322	
323	rs373737994
324	1
325	
326	1
327	
328	SNV
329	1
330	HGNC
331	24640
332	
333	
334	
335	
336	
337	
338	
339	
340	
341	
342	
343	
344	
345	
346	T:0
347	
348	
349	
350	
351	
352	T:0.0002
353	T:0
354	T:0
355	T:8.237e-06
356	T:0.0001007
357	T:8.412e-06
358	T:0
359	T:0
360	T:0
361	T:0
362	
363	
364	
365	
366	
367	
368	
369	
370	
371	
372	
373	
374	CCC
375	C,T
376	intron_variant&NMD_transcript_variant
377	MODIFIER
378	EDRF1
379	ENSG00000107938
380	Transcript
381	ENST00000368815
382	nonsense_mediated_decay
383	
384	24/24
385	ENST00000368815.2:c.*1759-33C>T
386	
387	
388	
389	
390	
391	
392	rs373737994
393	1
394	
395	1
396	
397	SNV
398	1
399	HGNC
400	24640
401	
402	
403	
404	
405	ENSP00000357805
406	Q3B7T1
407	
408	UPI00005C3024
409	
410	
411	
412	
413	
414	
415	T:0
416	
417	
418	
419	
420	
421	T:0.0002
422	T:0
423	T:0
424	T:8.237e-06
425	T:0.0001007
426	T:8.412e-06
427	T:0
428	T:0
429	T:0
430	T:0
431	
432	
433	
434	
435	
436	
437	
438	
439	
440	
441	
442	
443	CCC
444	C,T
445	intron_variant&NMD_transcript_variant
446	MODIFIER
447	EDRF1
448	ENSG00000107938
449	Transcript
450	ENST00000419769
451	nonsense_mediated_decay
452	
453	25/25
454	ENST00000419769.2:c.*1281-33C>T
455	
456	
457	
458	
459	
460	
461	rs373737994
462	1
463	
464	1
465	
466	SNV
467	1
468	HGNC
469	24640
470	
471	
472	
473	
474	ENSP00000396544
475	Q3B7T1
476	
477	UPI0000D89832
478	
479	
480	
481	
482	
483	
484	T:0
485	
486	
487	
488	
489	
490	T:0.0002
491	T:0
492	T:0
493	T:8.237e-06
494	T:0.0001007
495	T:8.412e-06
496	T:0
497	T:0
498	T:0
499	T:0
500	
501	
502	
503	
504	
505	
506	
507	
508	
509	
510	
511	
512	CCC
513	C,T
514	intron_variant&NMD_transcript_variant
515	MODIFIER
516	EDRF1
517	ENSG00000107938
518	Transcript
519	ENST00000481600
520	nonsense_mediated_decay
521	
522	24/25
523	ENST00000481600.1:c.*2530-33C>T
524	
525	
526	
527	
528	
529	
530	rs373737994
531	1
532	
533	1
534	
535	SNV
536	1
537	HGNC
538	24640
539	
540	
541	
542	
543	ENSP00000431902
544	
545	E9PJ07
546	UPI0001F77D8C
547	
548	
549	
550	
551	
552	
553	T:0
554	
555	
556	
557	
558	
559	T:0.0002
560	T:0
561	T:0
562	T:8.237e-06
563	T:0.0001007
564	T:8.412e-06
565	T:0
566	T:0
567	T:0
568	T:0
569	
570	
571	
572	
573	
574	
575	
576	
577	
578	
579	
580	
581	CCC
582	C,T
583	intron_variant&NMD_transcript_variant
584	MODIFIER
585	EDRF1
586	ENSG00000107938
587	Transcript
588	ENST00000525358
589	nonsense_mediated_decay
590	
591	2/2
592	ENST00000525358.1:c.*84-33C>T
593	
594	
595	
596	
597	
598	
599	rs373737994
600	1
601	
602	1
603	cds_start_NF
604	SNV
605	1
606	HGNC
607	24640
608	
609	
610	
611	
612	ENSP00000432102
613	
614	
615	UPI0001F77D94
616	
617	
618	
619	
620	
621	
622	T:0
623	
624	
625	
626	
627	
628	T:0.0002
629	T:0
630	T:0
631	T:8.237e-06
632	T:0.0001007
633	T:8.412e-06
634	T:0
635	T:0
636	T:0
637	T:0
638	
639	
640	
641	
642	
643	
644	
645	
646	
647	
648	
649	
650	CCC
651	C,T
652	intron_variant&non_coding_transcript_variant
653	MODIFIER
654	EDRF1
655	ENSG00000107938
656	Transcript
657	ENST00000527655
658	retained_intron
659	
660	2/2
661	ENST00000527655.1:n.446-33C>T
662	
663	
664	
665	
666	
667	
668	rs373737994
669	1
670	
671	1
672	
673	SNV
674	1
675	HGNC
676	24640
677	
678	
679	
680	
681	
682	
683	
684	
685	
686	
687	
688	
689	
690	
691	T:0
692	
693	
694	
695	
696	
697	T:0.0002
698	T:0
699	T:0
700	T:8.237e-06
701	T:0.0001007
702	T:8.412e-06
703	T:0
704	T:0
705	T:0
706	T:0
707	
708	
709	
710	
711	
712	
713	
714	
715	
716	
717	
718	
719	CCC
720	C;AC_POPMAX=1;AN_POPMAX=9930;POPMAX=AFR;K1_RUN=C:1;K2_RUN=CC:0;K3_RUN=CCT:0;ESP_AF_POPMAX=0.00022696323867421597;ESP_AF_GLOBAL=0.00007688759069424123;ESP_AC=1;KG_AF_POPMAX=0;KG_AF_GLOBAL=0;KG_AC=0
